3 142 11
0 280 0 0 10 150 140 0 
0
8
1176 212.305 0 -1 4.78957 128 128 0 0 
817 138.284 0 -1 6.32301 128 128 0 1 
870 454.09 0 -1 3.4091 128 128 0 0 
515 248.976 0 -1 7.35975 128 128 0 0 
488 306.979 0 -1 8.26041 128 128 0 3 
966 506.222 0 -1 5.93826 128 128 0 1 
942 467.779 0 -1 8.69729 128 128 0 5 
942 587.92 0 -1 9.43431 128 128 0 3 
13
650 543 1 -1 5 100 100 0 1 8 
1023 570 -1 -1 5 100 100 0 0 8 
257 193 1 -1 5 100 100 0 1 8 
637 393 -1 -1 5 100 100 0 0 8 
1227 596 -1 -1 5 100 100 0 0 8 
999 468 1 -1 5 100 100 0 1 8 
727 534 -1 -1 5 100 100 0 0 8 
1125 14 -1 -1 5 100 100 0 0 8 
739 448 -1 1 5 100 100 0 0 8 
203 136 -1 1 5 100 100 0 0 8 
975 168 -1 1 5 100 100 0 0 8 
792 443 -1 -1 5 100 100 0 0 8 
575 580 1 -1 5 100 100 0 1 8 
0
