3 134 10
0 140 0 0 10 150 140 0 
0
1
587 654.501 0 -1 5.9545 128 128 0 2 
15
650 543 -1 1 5 100 100 0 0 9 
1193 710 1 -1 5 100 100 0 1 9 
983 534 -1 -1 5 100 100 0 0 9 
377 523 -1 1 5 100 100 0 0 9 
967 713 1 -1 5 100 100 0 1 9 
1137 506 1 1 5 100 100 0 1 9 
669 638 1 1 5 100 100 0 1 9 
1067 574 -1 1 5 100 100 0 0 9 
1095 684 1 -1 5 100 100 0 1 9 
959 228 -1 -1 5 100 100 0 0 9 
533 196 1 -1 5 100 100 0 1 9 
635 508 1 -1 5 100 100 0 1 9 
672 663 1 1 5 100 100 0 1 9 
395 190 -1 1 5 100 100 0 0 9 
928 100 -1 -1 5 100 100 0 0 9 
0
