3 142 11
0 280 0 0 10 150 140 0 
0
6
1176 351.203 0 -1 4.78957 128 128 0 0 
817 321.651 0 -1 6.32301 128 128 0 1 
870 552.954 0 -1 3.4091 128 128 0 0 
515 462.409 0 -1 7.35975 128 128 0 0 
488 546.531 0 -1 8.26041 128 128 0 3 
966 678.432 0 -1 5.93826 128 128 0 1 
13
505 688 1 -1 5 100 100 0 1 7 
1168 715 -1 -1 5 100 100 0 0 7 
192 338 -1 -1 5 100 100 0 0 7 
782 538 -1 -1 5 100 100 0 0 7 
1182 691 1 1 5 100 100 0 1 7 
854 613 1 -1 5 100 100 0 1 7 
872 679 -1 -1 5 100 100 0 0 7 
1270 159 -1 -1 5 100 100 0 0 7 
884 303 -1 1 5 100 100 0 0 7 
348 11 -1 -1 5 100 100 0 0 7 
1120 23 -1 1 5 100 100 0 0 7 
937 588 -1 -1 5 100 100 0 0 7 
430 715 1 1 5 100 100 0 1 7 
0
